12 6 -91.9022
-91.9022  3.59158  57.5765  26.7058 0.144974  77.3158 
 85.1571  69.4559 -40.0564  70.0774  69.2175 -63.5624 
 29.3343 -7.64786  21.7398 -15.9142 -94.1783  -40.475 
-18.2146 -26.9509  61.8794 -87.3592 -16.1484  58.9453 
 -66.172 -96.4528 -61.5492  45.6675  35.7557 -56.2269 
 92.0987  77.6955 -91.9022 -62.7795  97.3216 -65.6323 
 85.3306  91.8927  68.5842 -8.68765 -92.1826  15.9266 
-41.2142  56.5304 -8.33296  -29.656  86.6488 -91.9022 
 84.5692  64.0785  11.0606  80.2555  72.8604 -17.7947 
-66.4277  96.5398  -35.988 -38.1217 -24.3394 -68.5947 
 9.45674  72.5755 -87.3958  85.4772 -91.9022  49.5557 
 95.5778  23.3168  9.94576  68.0957 -78.1228  -88.287 
